304.jpg 263,74,352,237,0
462.jpg 143,91,246,189,0
476.jpg 89,27,315,272,0
310.jpg 238,204,293,271,0
338.jpg 74,55,216,173,0
489.jpg 61,79,273,281,0
106.jpg 222,40,356,262,0
112.jpg 158,13,303,257,0
13.jpg 40,151,222,280,0
270.jpg 43,135,291,280,0
516.jpg 134,115,254,258,0
502.jpg 136,115,297,279,0
264.jpg 43,123,326,280,0
258.jpg 43,80,289,250,0
259.jpg 44,100,309,270,0
503.jpg 117,110,289,281,0
265.jpg 43,114,330,280,0
271.jpg 43,123,300,280,0
517.jpg 72,172,185,274,0
12.jpg 40,43,213,279,0
113.jpg 157,12,301,258,0
107.jpg 115,12,244,227,0
488.jpg 95,181,237,281,0
339.jpg 148,209,223,263,0
477.jpg 83,28,315,275,0
311.jpg 171,199,235,270,0
305.jpg 231,70,343,261,0
463.jpg 145,95,267,226,0
313.jpg 227,188,337,280,0
475.jpg 60,26,310,218,0
461.jpg 196,58,283,154,0
307.jpg 90,105,207,236,0
449.jpg 152,79,232,164,0
111.jpg 150,12,288,254,0
105.jpg 230,32,357,216,0
139.jpg 173,100,346,249,0
38.jpg 107,113,200,175,0
10.jpg 40,13,134,267,0
267.jpg 52,64,300,216,0
501.jpg 153,128,308,280,0
515.jpg 146,129,284,222,0
273.jpg 43,42,355,209,0
529.jpg 187,120,231,198,0
298.jpg 223,107,297,245,0
299.jpg 224,115,272,207,0
528.jpg 159,109,293,211,0
514.jpg 173,136,326,233,0
272.jpg 43,72,356,247,0
266.jpg 43,100,315,280,0
500.jpg 151,103,296,250,0
11.jpg 40,12,161,217,0
39.jpg 118,123,208,181,0
138.jpg 190,130,353,271,0
104.jpg 252,34,356,217,0
110.jpg 137,13,280,251,0
448.jpg 172,15,266,113,0
460.jpg 208,117,290,202,0
306.jpg 113,74,278,280,0
312.jpg 247,191,284,246,0
474.jpg 88,27,303,204,0
458.jpg 161,132,253,215,0
470.jpg 82,92,272,282,0
316.jpg 149,81,356,280,0
302.jpg 211,75,299,230,0
464.jpg 171,40,269,154,0
128.jpg 213,182,319,259,0
114.jpg 197,13,351,262,0
100.jpg 68,102,174,189,0
15.jpg 40,96,308,280,0
29.jpg 181,158,266,228,0
538.jpg 222,76,285,178,0
504.jpg 105,141,205,268,0
262.jpg 107,157,345,280,0
276.jpg 43,116,319,280,0
510.jpg 191,63,296,206,0
289.jpg 55,90,125,151,0
288.jpg 72,124,154,181,0
277.jpg 73,130,313,280,0
511.jpg 106,77,188,187,0
505.jpg 72,79,195,240,0
263.jpg 43,166,310,280,0
539.jpg 242,64,324,196,0
28.jpg 201,96,279,155,0
14.jpg 42,149,330,280,0
101.jpg 165,140,277,238,0
115.jpg 229,11,344,281,0
129.jpg 206,137,323,227,0
303.jpg 220,30,309,212,0
465.jpg 129,121,260,248,0
471.jpg 106,27,305,259,0
317.jpg 179,86,323,261,0
459.jpg 219,74,288,151,0
329.jpg 29,166,97,252,0
467.jpg 128,48,287,237,0
301.jpg 193,159,263,280,0
315.jpg 184,140,357,280,0
473.jpg 107,27,301,186,0
498.jpg 100,80,292,279,0
103.jpg 123,95,243,196,0
117.jpg 167,12,312,260,0
16.jpg 229,171,357,280,0
249.jpg 134,102,215,280,0
513.jpg 118,99,230,201,0
275.jpg 43,107,322,280,0
261.jpg 78,118,335,280,0
507.jpg 44,83,303,281,0
260.jpg 57,111,339,280,0
506.jpg 43,46,256,281,0
512.jpg 146,143,245,240,0
274.jpg 43,60,356,250,0
248.jpg 100,78,192,280,0
17.jpg 158,166,357,280,0
116.jpg 196,12,331,274,0
102.jpg 166,123,274,222,0
499.jpg 110,86,296,279,0
314.jpg 239,136,338,277,0
472.jpg 60,26,320,237,0
466.jpg 158,49,270,183,0
300.jpg 210,130,291,279,0
328.jpg 79,153,154,227,0
401.jpg 189,89,287,213,0
367.jpg 221,179,281,228,0
373.jpg 178,180,224,210,0
415.jpg 49,45,215,192,0
429.jpg 172,82,264,198,0
398.jpg 165,56,300,241,0
165.jpg 68,61,153,186,0
603.jpg 107,155,250,225,0
171.jpg 179,21,267,106,0
159.jpg 95,70,138,135,0
58.jpg 247,138,286,184,0
64.jpg 283,150,320,194,0
70.jpg 152,143,200,179,0
70.jpg 79,207,143,250,0
575.jpg 168,26,281,114,0
213.jpg 50,97,335,220,0
207.jpg 43,176,328,255,0
561.jpg 183,110,228,153,0
561.jpg 54,144,137,214,0
549.jpg 117,120,156,165,0
549.jpg 42,156,65,212,0
548.jpg 192,140,248,198,0
548.jpg 46,193,121,264,0
206.jpg 43,183,316,262,0
560.jpg 188,95,223,129,0
560.jpg 68,122,142,176,0
574.jpg 270,108,342,159,0
212.jpg 43,83,342,260,0
71.jpg 111,165,131,183,0
71.jpg 80,203,119,225,0
65.jpg 287,149,327,192,0
59.jpg 251,194,286,238,0
158.jpg 94,33,161,136,0
170.jpg 168,27,252,105,0
164.jpg 48,66,100,149,0
602.jpg 112,186,241,253,0
399.jpg 197,55,310,200,0
428.jpg 82,14,220,108,0
372.jpg 180,170,221,204,0
414.jpg 43,14,241,219,0
400.jpg 251,68,334,182,0
366.jpg 228,182,286,227,0
416.jpg 71,18,231,159,0
370.jpg 181,172,231,213,0
364.jpg 216,180,277,229,0
402.jpg 195,61,322,212,0
358.jpg 42,224,275,282,0
172.jpg 189,12,260,68,0
600.jpg 105,201,244,280,0
98.jpg 110,95,231,200,0
166.jpg 59,69,158,188,0
9.jpg 40,175,307,280,0
73.jpg 144,73,172,100,0
73.jpg 127,114,176,156,0
73.jpg 296,213,342,252,0
67.jpg 300,163,347,209,0
199.jpg 224,96,308,167,0
562.jpg 191,128,241,177,0
562.jpg 52,171,135,250,0
204.jpg 257,146,320,217,0
210.jpg 43,82,355,274,0
576.jpg 59,23,275,110,0
238.jpg 161,50,261,265,0
589.jpg 251,75,310,130,0
588.jpg 255,105,312,156,0
239.jpg 149,44,248,247,0
211.jpg 43,69,353,247,0
577.jpg 77,13,294,104,0
563.jpg 209,169,357,282,0
205.jpg 193,203,257,263,0
66.jpg 289,177,330,225,0
198.jpg 222,97,302,169,0
72.jpg 131,110,152,127,0
72.jpg 96,142,142,171,0
72.jpg 232,208,293,243,0
8.jpg 40,132,335,280,0
99.jpg 71,106,173,196,0
601.jpg 117,200,239,266,0
167.jpg 113,30,181,103,0
173.jpg 86,79,195,218,0
359.jpg 42,201,236,282,0
365.jpg 219,181,276,224,0
403.jpg 227,59,327,190,0
417.jpg 44,48,160,182,0
371.jpg 178,172,221,208,0
349.jpg 43,92,225,281,0
375.jpg 166,139,209,168,0
413.jpg 48,69,136,177,0
407.jpg 199,68,298,218,0
361.jpg 114,157,252,280,0
89.jpg 87,67,162,152,0
611.jpg 147,203,254,250,0
177.jpg 87,188,212,280,0
163.jpg 159,18,250,122,0
605.jpg 130,80,177,170,0
76.jpg 181,171,207,204,0
76.jpg 133,228,176,266,0
188.jpg 132,70,278,190,0
62.jpg 261,139,300,192,0
229.jpg 163,95,248,251,0
201.jpg 150,145,243,229,0
567.jpg 174,96,211,129,0
567.jpg 59,112,134,163,0
573.jpg 279,93,346,148,0
215.jpg 137,191,305,280,0
598.jpg 175,214,261,255,0
599.jpg 176,204,268,257,0
572.jpg 261,85,353,154,0
214.jpg 65,171,314,266,0
200.jpg 147,135,236,219,0
566.jpg 157,85,195,119,0
566.jpg 42,102,108,157,0
228.jpg 172,80,259,229,0
63.jpg 261,140,303,186,0
77.jpg 204,140,229,169,0
77.jpg 144,196,194,238,0
189.jpg 135,93,226,166,0
162.jpg 141,34,221,132,0
604.jpg 102,160,246,225,0
610.jpg 177,203,287,253,0
88.jpg 78,104,151,182,0
176.jpg 87,127,238,265,0
406.jpg 252,66,342,206,0
360.jpg 81,141,253,282,0
374.jpg 164,155,213,189,0
412.jpg 47,39,141,142,0
348.jpg 42,143,250,282,0
438.jpg 169,39,308,205,0
362.jpg 155,142,259,280,0
404.jpg 247,56,342,201,0
410.jpg 124,46,258,150,0
376.jpg 171,123,245,168,0
389.jpg 195,65,342,281,0
148.jpg 134,133,266,229,0
606.jpg 106,115,165,209,0
160.jpg 115,20,208,151,0
174.jpg 109,106,262,240,0
612.jpg 155,194,234,228,0
61.jpg 286,57,336,113,0
75.jpg 83,93,99,109,0
75.jpg 59,120,97,153,0
75.jpg 187,217,266,249,0
49.jpg 95,187,230,271,0
558.jpg 232,96,267,133,0
558.jpg 81,131,179,197,0
216.jpg 57,171,288,272,0
570.jpg 102,131,147,177,0
570.jpg 42,157,61,213,0
564.jpg 186,106,359,248,0
202.jpg 146,140,240,221,0
565.jpg 224,112,269,159,0
565.jpg 82,167,188,252,0
203.jpg 261,137,333,221,0
217.jpg 148,106,296,216,0
571.jpg 189,108,224,157,0
571.jpg 74,125,150,181,0
559.jpg 86,99,109,124,0
48.jpg 65,53,167,121,0
74.jpg 84,94,100,110,0
74.jpg 61,122,97,159,0
74.jpg 188,223,255,257,0
60.jpg 242,81,295,149,0
175.jpg 85,157,239,281,0
607.jpg 115,131,150,201,0
161.jpg 106,58,162,138,0
149.jpg 130,154,259,243,0
388.jpg 151,14,324,259,0
411.jpg 51,36,147,133,0
377.jpg 153,141,217,186,0
363.jpg 157,184,188,252,0
405.jpg 219,65,313,195,0
439.jpg 56,159,140,277,0
420.jpg 51,33,222,184,0
346.jpg 143,201,208,280,0
352.jpg 75,240,235,282,0
434.jpg 113,68,218,197,0
408.jpg 205,111,283,251,0
385.jpg 148,14,304,273,0
391.jpg 279,56,342,171,0
144.jpg 197,105,351,242,0
150.jpg 114,162,237,247,0
178.jpg 233,90,260,112,0
86.jpg 76,105,160,203,0
92.jpg 179,40,242,122,0
187.jpg 137,80,284,194,0
79.jpg 72,151,112,215,0
193.jpg 254,120,313,173,0
45.jpg 173,172,279,248,0
51.jpg 169,153,203,196,0
3.jpg 40,130,270,280,0
554.jpg 260,107,302,156,0
554.jpg 79,163,187,248,0
232.jpg 159,92,279,280,0
226.jpg 87,215,197,279,0
540.jpg 84,52,186,230,0
568.jpg 198,122,227,149,0
568.jpg 122,145,165,180,0
597.jpg 176,188,240,215,0
583.jpg 232,102,312,185,0
582.jpg 189,86,306,185,0
596.jpg 168,194,246,232,0
569.jpg 140,126,169,155,0
569.jpg 52,142,104,189,0
227.jpg 141,219,232,269,0
541.jpg 143,50,206,162,0
555.jpg 243,87,283,130,0
555.jpg 68,128,173,205,0
233.jpg 171,92,294,280,0
50.jpg 155,97,227,157,0
2.jpg 40,127,269,280,0
44.jpg 55,91,187,179,0
192.jpg 220,89,266,129,0
186.jpg 169,112,285,202,0
78.jpg 223,221,281,264,0
93.jpg 84,131,147,211,0
179.jpg 268,127,337,185,0
87.jpg 83,29,170,131,0
151.jpg 85,176,191,257,0
145.jpg 64,47,252,203,0
390.jpg 227,79,342,281,0
384.jpg 144,14,312,272,0
409.jpg 43,14,296,157,0
353.jpg 49,199,200,282,0
435.jpg 132,52,226,163,0
421.jpg 56,14,223,145,0
347.jpg 92,223,216,281,0
437.jpg 183,63,277,173,0
351.jpg 91,153,153,265,0
345.jpg 150,156,298,282,0
423.jpg 43,18,201,162,0
379.jpg 156,230,204,264,0
392.jpg 254,49,342,176,0
386.jpg 130,14,300,265,0
153.jpg 117,63,232,134,0
147.jpg 94,102,239,220,0
609.jpg 139,176,250,228,0
91.jpg 117,53,194,137,0
85.jpg 78,43,159,136,0
190.jpg 153,125,226,187,0
184.jpg 192,120,261,177,0
52.jpg 221,98,255,137,0
46.jpg 108,84,224,155,0
543.jpg 189,34,277,175,0
225.jpg 149,223,242,269,0
231.jpg 124,57,265,253,0
557.jpg 219,93,257,136,0
557.jpg 63,133,155,203,0
219.jpg 113,164,289,250,0
580.jpg 59,13,329,127,0
594.jpg 182,185,290,242,0
595.jpg 171,167,265,212,0
581.jpg 43,13,304,136,0
218.jpg 163,151,291,258,0
230.jpg 133,53,281,264,0
556.jpg 267,96,302,135,0
556.jpg 99,132,207,208,0
542.jpg 119,71,186,191,0
224.jpg 183,203,255,263,0
47.jpg 123,119,259,218,0
1.jpg 40,155,264,280,0
53.jpg 279,148,311,182,0
185.jpg 184,120,272,191,0
191.jpg 216,123,261,158,0
84.jpg 81,77,152,169,0
90.jpg 100,62,179,149,0
608.jpg 147,170,241,209,0
146.jpg 52,14,239,172,0
152.jpg 132,126,330,260,0
387.jpg 121,14,285,265,0
393.jpg 243,62,332,178,0
378.jpg 160,139,220,180,0
344.jpg 99,181,278,281,0
422.jpg 46,36,271,238,0
436.jpg 164,79,259,189,0
350.jpg 42,80,199,277,0
368.jpg 201,174,259,223,0
354.jpg 62,199,203,281,0
432.jpg 157,97,262,217,0
426.jpg 71,50,197,165,0
340.jpg 172,181,229,222,0
397.jpg 209,47,332,209,0
383.jpg 195,176,268,226,0
94.jpg 108,60,174,153,0
80.jpg 97,197,134,243,0
156.jpg 122,43,192,149,0
142.jpg 43,40,219,225,0
57.jpg 231,176,270,219,0
5.jpg 40,135,260,280,0
43.jpg 70,146,173,216,0
195.jpg 191,126,273,197,0
181.jpg 232,138,301,199,0
208.jpg 122,163,309,230,0
220.jpg 182,187,283,265,0
546.jpg 134,50,208,161,0
552.jpg 252,99,286,137,0
552.jpg 90,136,193,201,0
234.jpg 184,99,293,280,0
585.jpg 263,120,333,179,0
591.jpg 210,85,266,131,0
590.jpg 211,87,269,136,0
584.jpg 250,128,321,187,0
553.jpg 255,115,295,160,0
553.jpg 80,168,186,248,0
235.jpg 180,114,286,281,0
221.jpg 151,188,278,260,0
547.jpg 187,134,231,178,0
547.jpg 49,176,121,238,0
209.jpg 188,210,326,269,0
180.jpg 227,142,300,203,0
194.jpg 188,129,272,204,0
42.jpg 142,93,253,178,0
56.jpg 215,200,274,260,0
4.jpg 40,120,271,280,0
143.jpg 295,153,356,254,0
157.jpg 121,14,212,145,0
81.jpg 68,83,199,188,0
95.jpg 122,35,187,125,0
382.jpg 160,205,234,259,0
396.jpg 201,47,311,191,0
427.jpg 153,14,322,108,0
341.jpg 156,194,219,242,0
355.jpg 190,42,279,245,0
433.jpg 118,73,222,197,0
369.jpg 201,172,251,216,0
419.jpg 45,22,213,159,0
343.jpg 107,216,262,281,0
425.jpg 103,120,169,177,0
431.jpg 167,107,254,210,0
357.jpg 42,171,280,282,0
380.jpg 184,213,241,254,0
394.jpg 203,62,297,180,0
83.jpg 68,121,183,228,0
169.jpg 161,40,263,137,0
97.jpg 100,64,181,128,0
141.jpg 145,12,355,187,0
155.jpg 151,81,192,146,0
40.jpg 126,113,248,200,0
6.jpg 40,101,216,280,0
54.jpg 272,128,297,153,0
182.jpg 220,134,294,194,0
196.jpg 195,123,277,193,0
68.jpg 104,195,236,278,0
579.jpg 73,13,333,118,0
237.jpg 170,56,270,267,0
551.jpg 255,152,297,195,0
551.jpg 106,199,204,261,0
545.jpg 113,66,183,184,0
223.jpg 173,188,254,258,0
592.jpg 173,214,287,273,0
586.jpg 232,96,319,167,0
587.jpg 252,103,316,158,0
593.jpg 179,206,286,266,0
544.jpg 94,44,200,214,0
222.jpg 190,195,279,258,0
236.jpg 166,148,270,280,0
550.jpg 256,154,299,196,0
550.jpg 105,199,203,263,0
578.jpg 126,14,300,89,0
197.jpg 206,110,291,184,0
69.jpg 136,173,174,218,0
183.jpg 217,132,289,191,0
7.jpg 40,100,237,280,0
55.jpg 301,110,331,139,0
41.jpg 159,113,251,182,0
154.jpg 141,112,166,150,0
140.jpg 150,62,337,218,0
168.jpg 138,64,227,146,0
96.jpg 135,27,199,112,0
82.jpg 46,136,101,218,0
395.jpg 180,52,288,189,0
381.jpg 159,220,229,269,0
430.jpg 191,86,282,197,0
356.jpg 194,36,280,239,0
342.jpg 80,89,192,187,0
424.jpg 105,196,166,248,0
418.jpg 71,45,168,134,0
325.jpg 146,114,228,185,0
443.jpg 213,122,296,229,0
457.jpg 102,76,226,197,0
331.jpg 56,83,159,177,0
319.jpg 168,157,235,208,0
480.jpg 98,86,247,228,0
494.jpg 153,144,327,281,0
127.jpg 219,200,316,272,0
133.jpg 102,173,220,254,0
26.jpg 149,69,202,105,0
32.jpg 123,170,258,266,0
251.jpg 146,80,211,250,0
537.jpg 206,65,269,159,0
523.jpg 66,178,156,249,0
245.jpg 153,71,228,238,0
279.jpg 188,155,260,206,0
292.jpg 201,102,268,147,0
286.jpg 156,151,250,199,0
287.jpg 93,138,181,191,0
293.jpg 159,130,244,185,0
278.jpg 181,183,252,228,0
522.jpg 80,121,194,207,0
244.jpg 146,52,228,246,0
250.jpg 142,94,216,280,0
536.jpg 84,125,152,248,0
33.jpg 144,158,286,255,0
27.jpg 186,108,235,146,0
132.jpg 61,179,154,249,0
126.jpg 256,11,337,191,0
495.jpg 112,122,280,281,0
481.jpg 106,83,251,226,0
318.jpg 167,178,234,223,0
456.jpg 166,49,280,180,0
330.jpg 39,72,123,162,0
324.jpg 148,151,252,231,0
442.jpg 223,80,285,165,0
332.jpg 86,121,179,199,0
454.jpg 155,27,244,125,0
440.jpg 49,160,119,281,0
326.jpg 137,137,212,208,0
468.jpg 102,28,285,190,0
497.jpg 61,57,294,281,0
483.jpg 91,78,259,252,0
130.jpg 126,79,261,180,0
124.jpg 245,13,356,279,0
118.jpg 156,11,319,272,0
19.jpg 60,164,326,280,0
31.jpg 115,142,237,228,0
25.jpg 45,17,348,275,0
246.jpg 65,84,152,280,0
520.jpg 72,137,268,280,0
534.jpg 211,86,275,208,0
252.jpg 133,65,208,274,0
508.jpg 149,101,280,261,0
285.jpg 210,92,292,144,0
291.jpg 188,134,240,175,0
290.jpg 128,102,179,152,0
284.jpg 201,123,283,172,0
509.jpg 173,77,287,228,0
535.jpg 205,85,276,205,0
253.jpg 43,71,304,235,0
247.jpg 92,64,197,280,0
521.jpg 105,121,238,227,0
24.jpg 41,187,347,280,0
30.jpg 98,92,228,181,0
18.jpg 149,201,351,280,0
119.jpg 259,12,356,277,0
125.jpg 254,14,340,191,0
131.jpg 115,66,251,166,0
482.jpg 84,86,253,255,0
496.jpg 107,131,271,281,0
469.jpg 146,29,312,215,0
441.jpg 205,122,263,185,0
327.jpg 129,164,198,232,0
333.jpg 100,141,190,214,0
455.jpg 178,67,280,174,0
479.jpg 94,86,244,243,0
451.jpg 219,70,270,125,0
337.jpg 120,172,209,258,0
323.jpg 142,117,266,217,0
445.jpg 142,88,265,242,0
492.jpg 137,104,323,260,0
486.jpg 148,162,243,249,0
109.jpg 141,12,256,231,0
135.jpg 207,117,356,280,0
121.jpg 239,12,340,281,0
34.jpg 163,171,274,253,0
20.jpg 50,162,305,280,0
519.jpg 154,115,315,266,0
525.jpg 110,176,244,281,0
243.jpg 132,17,219,219,0
257.jpg 43,90,285,270,0
531.jpg 183,131,233,208,0
280.jpg 176,138,252,195,0
294.jpg 155,95,236,155,0
295.jpg 130,70,208,128,0
281.jpg 165,125,241,187,0
256.jpg 43,130,271,280,0
530.jpg 152,65,195,140,0
524.jpg 104,147,291,281,0
242.jpg 76,108,191,280,0
518.jpg 91,167,195,258,0
21.jpg 40,123,286,280,0
35.jpg 156,104,268,185,0
120.jpg 242,13,337,280,0
134.jpg 172,192,288,271,0
108.jpg 133,12,255,231,0
487.jpg 109,183,247,281,0
493.jpg 142,130,319,275,0
322.jpg 160,86,276,175,0
444.jpg 169,175,265,280,0
450.jpg 201,69,260,131,0
336.jpg 127,150,217,227,0
478.jpg 78,26,319,280,0
308.jpg 111,140,226,277,0
446.jpg 111,83,229,234,0
320.jpg 177,193,267,253,0
334.jpg 114,157,216,231,0
452.jpg 184,124,256,194,0
485.jpg 125,97,264,245,0
491.jpg 134,27,297,209,0
122.jpg 251,11,357,281,0
136.jpg 150,183,313,280,0
23.jpg 77,154,357,280,0
37.jpg 139,118,255,203,0
268.jpg 46,70,356,243,0
532.jpg 223,44,279,131,0
254.jpg 43,105,275,280,0
240.jpg 141,54,240,251,0
526.jpg 117,104,235,203,0
297.jpg 173,196,258,241,0
283.jpg 158,82,243,143,0
282.jpg 139,101,220,166,0
296.jpg 187,112,261,162,0
241.jpg 112,44,217,247,0
527.jpg 155,199,280,281,0
533.jpg 211,49,269,158,0
255.jpg 43,150,285,280,0
269.jpg 43,156,310,280,0
36.jpg 156,75,242,138,0
22.jpg 40,19,344,280,0
137.jpg 184,187,339,280,0
123.jpg 256,12,356,280,0
490.jpg 76,26,350,281,0
484.jpg 113,85,268,244,0
335.jpg 128,176,229,254,0
453.jpg 174,77,243,154,0
447.jpg 157,138,219,210,0
321.jpg 170,120,269,198,0
309.jpg 99,193,178,278,0
